version https://git-lfs.github.com/spec/v1
oid sha256:f9776cd88919c09a24bbcc58828f66ca1a21071ca4a22a79b916ed10de95c6ae
size 807235
