version https://git-lfs.github.com/spec/v1
oid sha256:3ab10e1756a64bfbb066ce9fbace2525e3ae81654d0065c3d1a6fc0f6e20c14f
size 824197
