version https://git-lfs.github.com/spec/v1
oid sha256:52cf06c0d2c82389b4b14d6e053bacbbc5fcf2109d1b8b57a96ed15fe35f0375
size 333732
